10010001000000000001011110011100
11111000000000000100001110011110
11111000000000000011001110010110
11111000000000000010001110010101
11111000000000000001001110010100
11111000000000000000001110010011
10001011000000000000000000010101
10001011000000000000000000110110
10001011000000000000001111110011
11001011000000010000001001110000
01010100000000000000001110000101
11010001000000000000011001110100
11001011000111110000001010010000
01010100000000000000001101000010
10010001000000000000001010001010
10001011000010100000000000001011
11111000010000000000000101101100
11111000010000000001000101101101
11001011000011010000000110001010 
01010100000000000000001101000100
10001011000000000000001010100000
10001011000000000000001010000001
00010100000000000000000000100100
11010001000000000000011010010100
00010100000000000000000000001101
10010001000000000000011001110011
00010100000000000000000000001010
11111000000000000000001110010011
11111000000000000001001110010100
11111000000000000010001110010101
11111000000000000011001110010110
11111000000000000100001110011110
00010100000000000000000010000000
10010001000000000001011110011100
11010110000000000000000000011110
10010001000000000000000000101010
10001011000010100000000000001010
11111000010000000000000101001001
11111000010000000001000101001011
11111000000000000000000101001011
11111000000000000001000101001001
10001011000000000000001010100000
10001011000000000000001011000001
00010100000000000000000000011000
